D:\private\work\110s\DVE\hw2\data\test2\20220426_200544.jpg
4624 2604
4 0 1301.5 
0 4 2311.5 
0 0 1 

0 0 0 
0 0 0 
0 0 0 

0

D:\private\work\110s\DVE\hw2\data\test2\20220426_200549.jpg
4624 2604
4 0 1301.5 
0 4 2311.5 
0 0 1 

0 0 0 
0 0 0 
0 0 0 

0

D:\private\work\110s\DVE\hw2\data\test2\20220426_200601.jpg
4624 2604
4 0 1301.5 
0 4 2311.5 
0 0 1 

0 0 0 
0 0 0 
0 0 0 

0

D:\private\work\110s\DVE\hw2\data\test2\20220426_200606.jpg
4624 2604

4 0 1301.5 
0 4 2311.5 
0 0 1 

0.999974 0.00673974 -0.00245949 
-0.00673971 0.999977 1.66393e-005 
0.00245957 8.47523e-009 0.999997 

890.758

D:\private\work\110s\DVE\hw2\data\test2\20220426_200625.jpg
4624 2604

4 0 1301.5 
0 4 2311.5 
0 0 1 

0.999971 -0.00713061 -0.0028103 
0.00583417 0.945955 -0.324247 
0.0049705 0.324221 0.945968 

897.505

D:\private\work\110s\DVE\hw2\data\test2\20220426_200651.jpg
4624 2604

4 0 1301.5 
0 4 2311.5 
0 0 1 

0.999805 -0.0157868 -0.011893 
0.00139537 0.656588 -0.754248 
0.019716 0.754085 0.656481 

911.472

D:\private\work\110s\DVE\hw2\data\test2\20220426_200656.jpg
4624 2604

4 0 1301.5 
0 4 2311.5 
0 0 1 

0.99959 -0.028642 -1.22854e-005 
-0.00296 -0.102876 -0.99469 
0.0284886 0.994282 -0.102918 

953.583

D:\private\work\110s\DVE\hw2\data\test2\20220426_200526.jpg
4624 2604
4 0 1301.5 
0 4 2311.5 
0 0 1 

0 0 0 
0 0 0 
0 0 0 

0

